List of the positive arm detected

   UNIF
1. {2, 3, 5, 6, 10, 11, 12, 14, 15, 16, 18, 21, 22, 24, 25, 26, 27, 28, 29, 31, 32, 33, 34, 35, 36, 38, 39, 40, 41, 42, 43, 48, 49, 50, 51, 52, 53, 54, 55, 56}
   UNIF VAR
1. set()
   ADAPT
1. {0, 1, 2, 3, 4, 5, 6, 7, 9, 10, 11, 12, 13, 14, 15, 16, 17, 18, 20, 21, 22, 23, 24, 25, 26, 27, 28, 29, 31, 32, 33, 34, 35, 36, 37, 38, 39, 40, 41, 42, 43, 44, 45, 46, 48, 49, 50, 51, 52, 53, 54, 55, 56, 58}
   ADAPT VAR
1. {2, 5, 6, 10, 11, 12, 14, 21, 22, 24, 27, 28, 29, 31, 34, 35, 36, 38, 39, 40, 41, 48, 49, 50, 51}
