List of the positive arm detected

   UNIF
1. {1, 3, 4, 5, 7, 8, 10, 11, 13, 17, 19, 20, 22, 23, 25, 26, 27, 36, 39, 40, 44, 45, 46, 47, 48, 49, 50, 52, 53, 54, 55, 56, 57, 58, 59}
   UNIF VAR
1. {1, 3, 4, 7, 8, 10, 19, 22, 27, 36, 39, 40, 45, 46, 47, 48, 49, 54, 55, 59}
   ADAPT
1. {1, 3, 4, 5, 7, 8, 10, 11, 14, 17, 19, 22, 23, 25, 26, 27, 36, 39, 40, 44, 45, 46, 47, 48, 49, 50, 52, 53, 54, 55, 57, 58, 59}
   ADAPT VAR
1. {1, 3, 4, 5, 7, 8, 10, 11, 17, 19, 22, 23, 25, 26, 27, 36, 39, 40, 44, 45, 46, 47, 48, 49, 52, 53, 54, 55, 57, 59}
