List of the positive arm detected

   UNIF
1. {0, 1, 2, 3, 4, 5, 7, 12, 13, 17, 18, 19, 21, 22, 23, 24, 26, 27, 28, 29, 31, 33, 34, 35, 38, 39, 40, 41, 43, 46, 47, 48, 49, 51, 52}
   UNIF VAR
1. {2, 5, 12, 14, 17, 22, 23, 26, 28, 29, 31, 33, 35, 38, 40, 41, 46, 48, 49, 51}
   ADAPT
1. {0, 1, 2, 3, 4, 5, 6, 7, 8, 9, 12, 13, 14, 15, 16, 17, 18, 19, 20, 21, 22, 23, 24, 26, 27, 28, 29, 30, 31, 32, 33, 34, 35, 37, 38, 39, 40, 41, 42, 43, 45, 46, 47, 48, 49, 50, 51, 52}
   ADAPT VAR
1. {0, 1, 2, 3, 4, 5, 14, 17, 18, 19, 20, 22, 23, 26, 28, 29, 31, 32, 33, 34, 35, 37, 38, 39, 40, 41, 45, 46, 48, 49, 51}
