List of the positive arm detected

   UNIF
1. {0, 1, 2, 3, 5, 6, 7, 8, 9, 11, 12, 13, 14, 16, 17, 18, 19, 20, 21, 22, 30, 31, 32, 33, 34, 35, 37, 40, 41, 44, 45, 47, 49, 50, 52, 53, 54, 55, 56, 57, 58, 59}
   UNIF VAR
1. {0, 1, 7, 8, 13, 14, 17, 20, 21, 22, 30, 33, 35, 37, 41, 54, 55, 57, 59}
   ADAPT
1. {0, 1, 2, 3, 4, 5, 6, 7, 8, 9, 10, 11, 12, 13, 14, 15, 16, 17, 18, 19, 20, 21, 22, 23, 25, 26, 27, 28, 29, 30, 31, 32, 33, 34, 35, 36, 37, 38, 39, 40, 41, 42, 43, 44, 45, 46, 47, 49, 50, 52, 53, 54, 55, 56, 57, 58, 59}
   ADAPT VAR
1. {0, 1, 6, 7, 8, 9, 12, 14, 16, 17, 18, 20, 22, 30, 33, 35, 37, 41, 44, 47, 53, 54, 55, 57, 59}
