List of the positive arm detected

   UNIF
1. {0, 1, 2, 4, 6, 9, 11, 12, 13, 14, 15, 16, 17, 18, 21, 22, 23, 24, 25, 26, 27, 28, 29, 30, 31, 32, 33, 34, 35, 39, 40, 42, 43, 45, 46, 48, 50, 51, 52, 53, 54, 56, 58, 59}
   UNIF VAR
1. {2, 11, 12, 14, 15, 16, 18, 21, 22, 23, 24, 26, 28, 31, 32, 34, 45, 46, 48, 50, 51, 52}
   ADAPT
1. {1, 2, 3, 5, 6, 8, 10, 11, 12, 13, 14, 16, 18, 19, 22, 24, 25, 26, 27, 28, 29, 31, 32, 33, 35, 36, 37, 38, 39, 40, 41, 42, 43, 46, 47, 48, 50, 51, 52, 53, 54, 55, 56}
   ADAPT VAR
1. {6, 12, 14, 16, 18, 22, 24, 26, 28, 31, 32, 35, 48, 50, 52, 54}
